[    [[0, [2, "blue2"], 1, 2, 3],
      [3, 2, 1, 0, 4],
      [1, 0, [1, "white2"], 2, 4],
      [0, 0, 0, 0, [2, "white1"]],
      [1, [0, "blue1"], 0, 2, 3]],
      "blue1",
      ["SW", "SE"]]
[    [[0, [2, "blue2"], 1, 2, 3],
      [3, 2, 1, 0, 4],
      [1, 0, [1, "white2"], 2, 4],
      [0, 0, 0, 0, [2, "white1"]],
      [1, [0, "blue1"], 0, 2, 3]],
      "blue1",
      ["NW", "SE"]]
[    [[0, [2, "blue2"], 1, 2, 3],
      [3, 2, 1, 0, 4],
      [1, 0, [1, "white2"], 2, 4],
      [0, 0, 0, 0, [2, "white1"]],
      [1, [0, "blue1"], 0, 2, 3]],
      "white1",
      ["E", "S"]]
[    [[0, [2, "blue2"], 1, 2, 3],
      [3, 2, 1, 0, 4],
      [1, 0, [1, "white2"], 2, 4],
      [0, 0, 0, 0, [2, "white1"]],
      [1, [0, "blue1"], 0, 2, 3]],
      "white1",
      ["E"]]
[    [[0, [2, "blue2"], 1, 2, 3],
      [3, 2, 1, 0, 4],
      [1, 0, [1, "white2"], 2, 4],
      [0, 0, 0, 0, [2, "white1"]],
      [1, [0, "blue1"], 0, 2, 3]],
      "white1",
      ["W"]]
[    [[0, [2, "blue2"], 1, 2, 3],
      [3, 2, 1, 0, 4],
      [1, 0, [1, "white2"], 2, 4],
      [0, 0, 0, 0, [2, "white1"]],
      [1, [0, "blue1"], 0, 2, 3]],
      "white1",
      ["S", "N"]]
[    [[0, [2, "blue2"], 1, 2, 3],
      [3, 2, 1, 0, 4],
      [1, 0, [1, "white2"], 2, 4],
      [0, 0, 0, 0, [2, "white1"]],
      [1, [0, "blue1"], 0, 2, 3]],
      "blue2",
      ["NW"]]
[    [[0, [2, "blue2"], 1, 2, 3],
      [3, 2, 1, 0, 4],
      [1, 0, [1, "white2"], 2, 4],
      [0, 0, 0, 0, [2, "white1"]],
      [1, [0, "blue1"], 0, 2, 3]],
      "blue2",
      ["W", "SE"]]
[    [[0, [2, "blue2"], 1, 2, 3],
      [3, 2, 1, 0, 4],
      [1, 0, [1, "white2"], 2, 4],
      [0, 0, 0, 0, [2, "white1"]],
      [1, [0, "blue1"], 0, 2, 3]],
      "blue2",
      ["SE", "NW"]]
[    [[0, [2, "blue2"], 1, 2, 3],
      [3, 2, 1, 0, 4],
      [1, 0, [1, "white2"], 2, 4],
      [0, 0, 0, 0, [2, "white1"]],
      [1, [0, "blue1"], 0, 2, 3]],
      "blue2",
      ["NE", "SW"]]


