[[[0,0,0,0,0],
[0,2,3,2,0],
[0,[0,"blue2"],[2,"blue1"],[0,"white1"],0],
[0,2,[0,"white2"],2,0],
[0,0,0,0,0]],
"blue1",["N"]]


[[[0,0,0,0,0],
[0,2,3,2,0],
[0,[0,"blue2"],[2,"blue1"],[0,"white1"],0],
[0,2,[0,"white2"],2,0],
[0,0,0,0,0]],
"blue1",["N","N"]]

[[[0,0,0,0,0],
[0,0,3,1,0],
[0,[0,"blue2"],[2,"blue1"],[0,"white1"],0],
[0,2,[0,"white2"],2,0],
[0,0,0,0,0]],
"blue1",["NE","N"]]

[[[0,0,0,0,0],
[0,0,3,1,0],
[0,[0,"blue2"],[2,"blue1"],[0,"white1"],0],
[0,2,[0,"white2"],2,0],
[0,0,0,0,0]],
"blue1",["NE","S"]]

[[[0,0,0,0,0],
[0,0,3,1,0],
[0,[0,"blue2"],[2,"blue1"],[0,"white1"],0],
[0,1,[0,"white2"],1,0],
[0,0,0,0,0]],
"blue1",["W","S"]]

[[[0,0,0,0,0],
[0,0,3,1,0],
[0,[0,"blue2"],[2,"blue1"],[0,"white1"],0],
[0,1,[0,"white2"],1,0],
[0,0,0,0,0]],
"blue1",["E","S"]]


[[[0,0,0,0,0],
[0,0,3,1,0],
[0,[0,"blue2"],[2,"blue1"],[0,"white1"],0],
[0,1,[0,"white2"],1,0],
[0,0,0,0,0]],
"blue1",["SW","SW"]]

[[[0,0,0,0,0],
[0,0,3,1,0],
[0,[0,"blue2"],[2,"blue1"],[0,"white1"],0],
[0,1,[0,"white2"],1,0],
[4,0,0,0,0]],
"blue1",["SW","SW"]]

[[[0,0,0,0,0],
[0,0,3,1,0],
[0,[0,"blue2"],[2,"blue1"],[0,"white1"],0],
[0,1,[0,"white2"],2,0],
[4,0,0,0,0]],
"blue1",["SE","E"]]
