[    [[0, [2, "blue2"], 1, 2, 3],
      [3, 2, 1, 0, 4],
      [1, 0, [1, "white2"], 2, 4],
      [0, 0, 0, 0, [2, "white1"]],
      [1, [0, "blue1"], 0, 2, 3]],
      "blue1",
      ["N", "S"]]
[    [[0, [2, "blue2"], 1, 2, 3],
      [3, 2, 1, 0, 4],
      [1, 0, [1, "white2"], 2, 4],
      [0, 0, 0, 0, [2, "white1"]],
      [1, [0, "blue1"], 0, 2, 3]],
      "blue1",
      ["NW", "E"]]
[    [[0, [2, "blue2"], 1, 2, 3],
      [3, 2, 1, 0, 4],
      [1, 0, [1, "white2"], 2, 4],
      [0, 0, 0, 0, [2, "white1"]],
      [1, [0, "blue1"], 0, 2, 3]],
      "white1",
      ["NW", "S"]]
[    [[0, [2, "blue2"], 1, 2, 3],
      [3, 2, 1, 0, 4],
      [1, 0, [1, "white2"], 2, 4],
      [0, 0, 0, 0, [2, "white1"]],
      [1, [0, "blue1"], 0, 2, 3]],
      "blue2",
      ["S", "N"]]
[    [[0, [2, "blue2"], 1, 2, 3],
      [3, 2, 1, 0, 4],
      [1, 0, [1, "white2"], 2, 4],
      [0, 0, 0, 0, [2, "white1"]],
      [1, [0, "blue1"], 0, 2, 3]],
      "white2",
      ["W", "W"]]
[    [[0, [2, "blue2"], 1, 2, 3],
      [3, 2, 1, 0, 4],
      [1, 0, [1, "white2"], 2, 4],
      [0, 0, 0, 0, [2, "white1"]],
      [1, [0, "blue1"], 0, 2, 3]],
      "white2",
      ["SW", "SW"]]
[    [[0, [2, "blue2"], 1, 2, 3],
      [3, 2, 1, 0, 4],
      [1, 0, [1, "white2"], 2, 4],
      [0, 0, 0, 0, [2, "white1"]],
      [1, [0, "blue1"], 0, 2, 3]],
      "white2",
      ["S"]]


