[    [[0, [2, "blue2"], 1, 2, 3],
      [3, 2, 1, 0, 4],
      [1, 0, [1, "white2"], 2, 4],
      [0, 0, 0, 0, [2, "white1"]],
      [1, [0, "blue1"], 0, 2, 3]],
      "blue1",
      ["S", "E"]]
[    [[0, [2, "blue2"], 1, 2, 3],
      [3, 2, 1, 0, 4],
      [1, 0, [1, "white2"], 2, 4],
      [0, 0, 0, 0, [2, "white1"]],
      [1, [0, "blue1"], 0, 2, 3]],
      "blue1",
      ["SE"]]
[    [[0, [2, "blue2"], 1, 2, 3],
      [3, 2, 1, 0, 4],
      [1, 0, [1, "white2"], 2, 4],
      [0, 0, 0, 0, [2, "white1"]],
      [1, [0, "blue1"], 0, 2, 3]],
      "white1",
      ["N", "S"]]
[    [[0, [2, "blue2"], 1, 2, 3],
      [3, 2, 1, 0, 4],
      [1, 0, [1, "white2"], 2, 4],
      [0, 0, 0, 0, [2, "white1"]],
      [1, [0, "blue1"], 0, 2, 3]],
      "blue2",
      ["NE", "N"]]
[    [[0, [2, "blue2"], 1, 2, 3],
      [3, 2, 1, 0, 4],
      [1, 0, [1, "white2"], 2, 4],
      [0, 0, 0, 0, [2, "white1"]],
      [1, [0, "blue1"], 0, 2, 3]],
      "blue2",
      ["NW"]]
[    [[0, [2, "blue2"], 1, 2, 3],
      [3, 2, 1, 0, 4],
      [1, 0, [1, "white2"], 2, 4],
      [0, 0, 0, 0, [2, "white1"]],
      [1, [0, "blue1"], 0, 2, 3]],
      "white2",
      ["E", "E"]]


