[    [[0, [2, "blue2"], 1, 2, 3],
      [3, 2, 1, 0, 4],
      [1, 0, [1, "white2"], 2, 4],
      [0, 0, 0, 0, [2, "white1"]],
      [1, [0, "blue1"], 0, 2, 3]],
      "white1",
      ["N", "N"]]
[    [[0, [2, "blue2"], 1, 2, 3],
      [3, 2, 1, 0, 4],
      [1, 0, [1, "white2"], 2, 4],
      [0, 0, 0, 0, [2, "white1"]],
      [1, [0, "blue1"], 0, 2, 3]],
      "blue1",
      ["S"]]
[    [[0, [2, "blue2"], 1, 2, 3],
      [3, 2, 3, 0, 4],
      [1, 0, [1, "white2"], 2, 4],
      [0, 0, 0, 0, [2, "white1"]],
      [1, [0, "blue1"], 0, 2, 3]],
      "white2",
      ["N"]]
[    [[0, [2, "blue2"], 1, 2, 3],
      [3, 2, 1, 0, 4],
      [1, 0, [1, "white2"], 2, 4],
      [0, 0, 0, 0, [2, "white1"]],
      [1, [0, "blue1"], 0, 2, 3]],
      "blue2",
      ["SW"]]
[    [[0, [2, "blue2"], 1, 2, 3],
      [3, 3, 1, 0, 4],
      [1, 0, [1, "white2"], 2, 4],
      [0, 0, 0, 0, [2, "white1"]],
      [1, [0, "blue1"], 0, 2, 3]],
      "white2",
      ["NW"]]
[    [[0, [2, "blue2"], 1, 2, 3],
      [3, 3, 1, 0, 4],
      [1, 0, [1, "white2"], 2, 4],
      [0, 0, 0, 0, [2, "white1"]],
      [1, [0, "blue1"], 0, 2, 3]],
      "white2",
      ["NW", "NW"]]
[    [[0, [2, "blue2"], 1, 2, 3],
      [3, 2, 1, 0, 4],
      [1, 0, [1, "white2"], 2, 4],
      [0, 0, 0, 0, [2, "white1"]],
      [1, [0, "blue1"], 0, 2, 3]],
      "white1",
      ["N", "N"]]
[    [[0, [2, "blue2"], 1, 2, 3],
      [3, 2, 1, 0, 4],
      [1, 4, [1, "white2"], 2, 4],
      [0, 0, 0, 0, [2, "white1"]],
      [1, [0, "blue1"], 0, 2, 3]],
      "blue2",
      ["S", "S"]]
[    [[0, [2, "blue2"], 1, 2, 3],
      [3, 2, 1, 0, 4],
      [1, 0, [1, "white2"], 2, 4],
      [0, 0, 0, 0, [2, "white1"]],
      [1, [0, "blue1"], 0, 2, 3]],
      "blue2",
      ["NE", "S"]]
[    [[0, [2, "blue2"], 1, 2, 3],
      [3, 2, 1, 0, 4],
      [1, 0, [1, "white2"], 2, 4],
      [0, [0, "white2"], 0, 0, 2],
      [1, [0, "blue1"], 0, 2, 3]],
      "blue1",
      ["N", "N"]]


