["Place", "blue",
    [
        [0, 0, 0, 0, [0, "white1"]],
        [0, 0, 0, 0, 0],
        [0, 0, 0, 0, 0],
        [0, 0, 0, 0, 0],
        [0, 0, 0, 0, [0, "white2"]]
    ]
]
["Play",
    [
        [4, [0, "blue1"], 0, 3, [2, "white1"]],
        [4, 0, 0, 4, 0],
        [4, 4, 4, 4, 0],
        [4, 4, 4, 4, 4],
        [[0, "blue2"], 4, 4, 4, [0, "white2"]]
    ]
]
["Play",
    [
        [3, [2, "blue1"], 0, 3, [2, "white1"]],
        [3, 0, 0, 4, 0],
        [4, 4, 4, 4, 0],
        [4, 4, 4, 4, 4],
        [[0, "blue2"], 4, 4, 4, [0, "white2"]]
    ]
]
