["Place","white",[     [[0, "blue1"], 0, 0, 0, 0],
                       [0, 0, 0, 0, 0],
                       [0, 0, 0, 0, 0],
                       [0, 0, 0, 0, 0],
                       [[0, "blue2"], 0, 0, 0, 0]]]
["Play",[     [0, [2, "blue2"], 1, 2, 3],
              [3, 2, 1, 0, 4],
              [1, 0, [1, "white2"], 2, 4],
              [0, 0, 0, 0, [2, "white1"]],
              [1, [0, "blue1"], 0, 2, 3]]]
["Play",[     [0, [2, "blue2"], 1, 2, 3],
              [3, 2, 1, 0, 4],
              [1, 0, [1, "white2"], 3, 4],
              [0, 0, 0, 3, [2, "white1"]],
              [1, [0, "blue1"], 0, 3, 3]]]
["Play",[     [0, [2, "blue2"], 1, 2, 3],
              [3, 2, 1, 0, 4],
              [1, 3, [2, "white2"], 3, 4],
              [0, 0, 0, 3, [2, "white1"]],
              [1, [0, "blue1"], 0, 3, 3]]]