[    [[0, [2, "blue2"], 1, 2, 3],
      [3, 2, 1, 0, 4],
      [1, 0, [1, "white2"], 2, 4],
      [0, 0, 0, 0, [2, "white1"]],
      [1, [0, "blue1"], 0, 2, 3]],
      ["occupied?", "blue1", "N"]
  ]
  [    [[0, [2, "blue2"], 1, 2, 3],
        [3, 2, 1, 0, 4],
        [1, 0, [1, "white2"], 2, 4],
        [0, 0, 0, 0, [2, "white1"]],
        [1, [0, "blue1"], 0, 2, 3]],
        ["occupied?", "white1", "E"]
    ]
    [    [[0, [2, "blue2"], 1, 2, 3],
          [3, 2, 1, 0, 4],
          [1, 0, [1, "white2"], 2, 4],
          [0, 0, 0, 0, [2, "white1"]],
          [1, [0, "blue1"], 0, 2, 3]],
          ["occupied?", "blue2", "NE"]
      ]
[    [[0, [2, "blue2"], 1, 2, 3],
      [3, 2, 1, 0, 4],
      [1, 0, [1, "white2"], 2, 4],
      [0, 0, 0, 0, [2, "white1"]],
      [1, [0, "blue1"], 0, 2, 3]],
      ["occupied?", "white2", "SW"]
]
[    [[0, [2, "blue2"], 1, 2, 3],
      [3, 2, 1, 0, 4],
      [1, 0, [1, "white2"], 2, 4],
      [0, 0, 0, 0, [2, "white1"]],
      [1, [0, "blue1"], 0, 2, 3]],
      ["occupied?", "blue1", "S"]
  ]
  [    [[0, [2, "blue2"], 1, 2, 3],
        [3, 2, 1, 0, 4],
        [1, 0, [1, "white2"], 2, 4],
        [0, 0, 0, 0, [2, "white1"]],
        [1, [0, "blue1"], 0, 2, 3]],
        ["occupied?", "blue1", "W"]
    ]
    [    [[0, [2, "blue2"], 1, 2, 3],
          [3, 2, 1, 0, 4],
          [1, 0, [1, "white2"], 2, 4],
          [0, 0, 0, 0, [2, "white1"]],
          [1, [0, "blue1"], 0, 2, 3]],
          ["occupied?", "white2", "NW"]
      ]
[    [[0, [2, "blue2"], 1, 2, 3],
      [3, 2, 1, 0, 4],
      [1, 0, [1, "white2"], 2, 4],
      [0, 0, [0, "white1"], 0, 2],
      [1, [0, "blue1"], 0, 2, 3]],
      ["occupied?", "blue2", "SE"]
]
[    [[0, [2, "blue2"], 1, 2, 3],
      [3, 2, 1, 0, 4],
      [1, 0, [1, "white2"], 2, 4],
      [0, 0, [0, "white1"], 0, 2],
      [1, [0, "blue1"], 0, 2, 3]],
      ["occupied?", "white1", "N"]
]
